1684
1932
487
926
379
1322
1220
703
841
729
1786
555
94
157
1321
1469
1470
348
18
1459
1089
848
1346
611
1548
1558
1162
1478
1722
26
790
915
878
1987
1783
449
957
786
405
1460
1876
692
206
1178
1027
779
536
507
1517
1652
1249
1247
906
620
1932
1277
200
208
1395
558
879
1812
628
1161
674
153
1378
576
712
1863
1587
491
649
37
267
1685
827
519
305
984
1936
867
403
1651
1271
1673
520
1059
997
1810
616
1781
1187
397
1071
1213
1012
1540
739
571
29
48
1065
1290
1378
612
1952
198
492
1905
1142
1703
96
448
737
1027
621
912
1871
155
20
1372
133
800
1499
284
1025
1174
1807
1464
1136
343
603
1473
824
1825
1044
796
1946
1935
367
1299
574
906
1388
1186
949
1877
177
1299
830
886
250
1686
860
1147
140
730
1804
1502
73
1245
192
255
1921
1880
458
1164
1903
2001
1233
415
458
1083
980
711
1960
190
944
1127
547
909
1346
765
282
893
532
732
280
1605
1451
1691
767
1233
820
894
1318
1107
1822
755
1452
1798
1744
1825
517
1557
557
1008
498
1265
600
1853
84
713
1165
1038
1797
691
765
771
480
815
868
1297
129
377
1565
1131
971
1757
1153
1278
316
1579
1205
820
423
1458
1728
1344
237
1598
272
295
105
992
671
20
848
209
1683
408
1865
755
1350
837
1944
1919
1436
218
115
1656
830
1006
782
1691
931
545
571
809
503
900
904
1549
1591
992
1363
703
350
1511
213
1784
1999
1953
575
1273
970
683
1778
301
1597
1214
1467
1228
2003
1176
918
115
356
1375
1605
1699
118
1342
282
1986
1920
121
1213
700
1358
545
1774
270
1026
837
1451
1088
1642
1734
1521
1288
1118
1095
1361
240
836
531
1945
213
1337
1357
2001
2014
786
1743
1247
599
88
317
1299
1007
559
1011
711
1805
1456
1485
617
901
1253
603
30
1675
903
1145
1902
1408
533
487
677
1606
1284
273
141
748
1461
617
1545
931
1897
562
1094
1512
317
104
696
1195
477
617
799
1901
1997
82
1066
533
35
105
34
1809
197
182
628
1888
1541
606
1804
2005
2018
1502
1400
826
851
73
1581
483
976
999
1077
69
639
1892
1250
906
1581
1596
1541
1853
1253
1587
1474
1037
1148
511
2012
1821
1657
1919
69
244
912
1245
393
1713
294
1026
541
1937
1631
1481
159
1503
1005
932
1991
1756
1429
212
1697
1652
3
1292
1659
1731
1185
1486
888
1551
150
671
654
1750
702
1011
1939
1161
219
700
859
133
14
790
954
1282
283
889
1526
1964
1660
224
1237
276
845
1722
1697
583
1313
1606
706
1376
627
1938
871
939
531
881
983
1578
1216
1057
493
1122
1145
23
42
1430
505
1581
617
97
1682
1885
1494
652
740
872
1179
1729
495
373
1907
1673
741
1849
1462
1950
38
642
1568
401
863
1164
1506
793
626
1026
1435
22
1248
634
1733
477
375
1955
1273
553
94
1
1501
1412
1612
1579
1148
1890
1876
1382
724
1287
1459
499
1287
1661
152
251
881
793
1503
1668
1824
1855
1213
217
932
1754
1619
1913
520
232
897
1243
562
200
1947
2
1663
1175
1611
1832
1418
1209
330
1740
989
426
1892
1844
1424
2015
18
1401
625
966
1596
1546
573
1771
236
264
695
1474
1767
906
636
810
959
1730
1406
1610
1023
768
349
1751
149
924
171
1164
1538
579
870
265
143
1378
1337
579
446
1330
905
1036
835
1464
953
670
27
1351
1084
1388
90
1304
1429
657
315
375
1068
1189
2000
420
1467
103
700
922
142
1568
370
1150
1153
1157
690
198
900
1111
2011
626
1826
1861
1426
490
1835
1873
685
398
420
1906
84
660
1727
1508
1480
1726
611
1266
53
904
1157
1298
812
1858
1996
1776
1214
1246
66
55
3
174
335
689
339
22
1355
1208
938
1289
884
1564
794
1684
783
354
1615
839
1613
189
63
1856
1972
403
907
360
422
145
1131
1244
513
950
925
1084
78
410
832
808
1456
1340
776
1395
1294
790
81
1326
1542
198
471
432
564
1286
385
1321
2008
1711
505
860
1137
977
1382
1569
1803
483
802
327
1687
1849
261
464
293
111
501
319
1424
1234
1450
1839
1380
1003
1897
17
216
473
1472
1261
1576
1015
1873
351
1674
597
126
1734
190
1443
1758
1425
1375
1490
695
554
1026
1392
213
191
1132
10
1224
841
345
1946
1828
946
1029
173
2015
996
783
122
68
968
1526
498
1366
1021
1290
1273
848
997
780
171
1435
1248
1347
1233
1290
39
120
263
981
1904
626
506
843
267
1182
953
472
904
564
1441
995
1636
392
1914
1778
1722
332
1595
1273
779
1261
792
1712
1637
1241
406
773
1808
72
1309
1541
853
49
156
1942
1481
1483
239
1412
558
85
76
325
453
1549
789
581
1521
1834
1775
391
1118
1110
1259
1195
747
1591
703
994
326
1517
609
1574
232
1673
1332
382
417
1807
1632
874
734
1678
564
1012
578
445
1106
1253
201
1132
1656
22
1281
1415
1806
471
1559
621
947
791
1363
439
1267
1026
637
919
1947
17
498
599
974
1417
918
1950
354
847
842
678
550
1144
978
979
18
1796
1973
1069
1967
839
623
653
1441
1077
1798
1601
1452
586
975
1383
544
1409
1080
184
442
163
1317
1574
1755
1138
81
294
1568
1625
169
1517
1576
1874
151
1197
1284
65
1375
320
121
626
116
1921
545
1344
1899
1702
1127
354
731
545
1045
1071
70
1500
1371
371
1086
1989
1606
1332
1557
1522
1769
1338
1459
399
1786
680
663
959
1311
1825
1742
1161
1120
901
59
1603
1690
691
889
1093
1991
1513
108
861
1150
1590
1126
1751
19
889
1533
376
1813
198
1344
929
1324
1692
189
1929
487
1272
1406
731
1838
1682
1655
176
1733
842
1005
609
531
1807
1436
1663
1569
1509
624
1462
1095
1244
1831
1301
1768
1390
584
585
742
1965
1701
1337
1598
331
663
566
1562
1627
591
1089
1347
950
1769
883
155
982
1869
1374
1000
228
1569
1369
463
1622
1329
1188
1337
172
55
441
108
213
1575
1012
1387
1479
1755
312
1014
304
1742
47
392
1
1002
1041
605
1877
1999
211
793
813
1685
420
464
1878
206
903
1503
1252
22
1186
482
875
1722
1511
1606
2020
257
1344
1676
949
1023
1944
775
734
255
650
755
521
603
1098
1797
340
872
1956
800
16
228
1818
137
584
959
1072
98
483
778
1207
1646
541
897
1684
1494
1518
1855
1621
1774
626
235
1446
1700
1009
1437
627
442
1052
442
105
163
1272
1352
1544
1857
175
1481
660
412
1944
697
1519
1381
1082
219
713
973
619
638
1155
1002
830
353
1036
321
1146
927
663
1902
841
417
736
533
615
1200
1208
68
1350
587
717
1026
1238
762
1583
197
391
532
1202
579
390
661
336
1773
1749
1722
430
1369
1935
481
794
996
1068
612
857
1863
1559
1651
1100
305
909
1920
414
1682
1763
1339
448
1869
314
1445
1297
704
29
579
1672
665
758
707
1231
489
1457
853
1891
385
911
1385
1473
1745
60
254
1353
1037
1512
1796
786
1506
1833
1678
228
574
1369
1766
1088
1537
671
1079
1452
1544
665
772
867
988
581
1721
1534
755
1213
903
1230
347
1999
60
1461
669
1742
434
953
934
1213
345
1087
714
886
1681
1432
2
1742
324
1214
723
169
1666
507
199
152
288
1880
1830
1333
1068
539
1159
1382
1102
133
1095
390
352
1600
1641
651
135
649
829
1439
879
1125
431
1861
1125
1701
1595
44
887
576
873
141
1793
1683
565
1070
485
1391
1652
259
1243
1859
331
1180
696
967
278
1777
964
1258
1277
1186
431
819
589
1824
911
1704
983
1621
1137
1183
1941
1979
392
778
1093
567
744
1734
1525
1700
913
383
1796
1118
1329
1097
45
396
1860
1573
1856
752
1460
269
630
55
1590
1428
820
350
513
1442
1931
719
1250
1787
1156
1161
1643
1096
344
2018
1622
772
1962
904
696
206
1478
1195
493
1611
423
1847
992
1788
353
1784
685
155
1329
1541
1802
1401
752
1831
121
67
326
540
594
403
1663
80
1921
1115
255
1286
1529
322
555
1049
1706
1137
481
1030
1131
220
1946
27
772
295
862
1764
784
1742
1353
1569
68
1077
80
1029
122
553
551
1662
1207
1255
800
1878
1471
1546
1041
178
839
1844
1669
1145
1136
1310
147
149
714
1721
848
142
1739
287
1883
1684
861
1979
635
656
827
658
376
1035
1155
676
668
38
1152
789
712
1169
586
1453
1932
366
1820
1374
304
1855
1844
1266
979
208
560
786
484
1882
1172
208
1262
1826
854
1191
895
767
643
2010
1788
1691
1679
59
1908
1461
1253
1465
1644
1220
613
1732
1594
1858
1616
1472
670
527
599
406
316
380
1067
209
62
1310
1963
591
1709
1561
959
1146
372
778
1626
1014
632
844
27
1030
160
281
1243
1685
1339
1841
1011
1131
906
674
678
1062
1936
1920
1166
313
746
753
1428
572
14
493
284
1818
1596
146
485
1254
35
1010
155
1340
193
1427
1086
887
961
1414
816
600
1823
206
656
27
985
1018
912
1969
1524
927
1182
468
1090
105
1724
1235
989
261
1081
73
287
1020
654
1946
2012
962
726
1361
1356
94
293
1554
490
2004
169
1341
1381
288
1011
287
1642
2017
124
1681
891
1434
1776
211
989
1310
520
1709
596
303
1945
201
761
1358
981
837
531
457
1560
1080
1504
334
1035
119
1762
101
849
4
297
1679
220
1778
1875
199
1009
1486
1900
910
306
1245
762
1304
923
1807
1058
338
1463
1583
1785
1075
1664
675
282
100
646
1269
1443
312
152
503
64
1022
739
1183
253
702
841
582
1771
738
470
221
1826
1232
634
1100
1455
1156
573
588
521
1124
965
1034
1467
704
11
371
380
1755
596
199
1947
1205
1318
864
324
1487
1889
1842
1127
744
825
605
826
1470
734
171
1609
1882
1519
685
681
264
1163
833
1309
883
873
1102
763
614
1407
1503
1753
1983
306
1526
743
1171
1561
1946
439
633
235
357
190
1542
629
812
319
853
1203
21
1840
1998
15
470
506
1960
473
1076
1037
1119
1183
1634
1841
1033
190
1132
1108
473
1923
1369
246
519
645
1465
1667
499
912
969
464
749
14
749
380
1441
965
467
1671
1352
1246
1807
915
1813
315
627
931
1038
1520
987
700
613
720
668
1153
1343
971
1137
1383
1912
1626
514
1137
1905
1139
315
1233
904
147
1199
1216
111
24
288
76
1748
568
343
172
1947
875
111
1231
870
941
435
957
175
756
563
1464
1626
1600
981
310
1619
747
1954
1369
1867
522
1549
235
458
1484
728
1845
1876
208
994
1723
586
1385
367
149
97
1610
746
578
669
789
1805
2005
217
1173
665
999
695
1926
1901
1543
1092
110
58
759
801
738
87
2007
235
235
1273
1184
921
578
714
371
1554
846
1535
849
1845
1929
1467
819
1604
375
1764
495
1673
1773
550
1571
576
1153
38
1059
209
1961
965
1613
2011
1316
922
412
726
1561
187
579
634
450
1181
1928
1195
106
717
1075
850
1085
518
1747
615
293
1802
1641
1253
1576
914
65
1107
1813
1371
1221
155
1218
920
217
720
789
739
1859
691
762
1782
1321
1624
1934
1279
1709
233
1745
2006
734
884
593
1918
804
851
1003
1427
1009
1197
80
1197
1802
1698
1276
1147
932
1139
303
1474
662
689
308
42
1159
963
871
244
1450
1903
476
701
1334
75
1554
968
1358
937
500
1442
884
417
1758
2018
1338
1294
1268
1820
997
1927
1065
48
1326
1725
85
457
367
1926
999
242
42
1474
905
742
1768
1462
817
421
1796
627
534
1128
140
860
290
675
1592
171
172
452
67
1933
195
1862
592
1230
472
113
1848
1372
787
1301
1897
1276
1650
1759
769
1799
1195
185
301
1737
1351
561
705
206
632
968
1022
1331
867
1054
1894
1514
343
1821
399
1610
850
181
1254
1341
1215
1762
698
944
1712
899
583
1112
1978
284
1911
779
987
1993
985
1085
175
1282
279
1249
1301
702
955
473
1730
1249
442
1548
1695
417
1675
703
1467
1345
157
113
1884
627
875
1744
1646
1561
290
729
1888
1438
490
953
608
1494
382
191
506
883
713
866
1712
578
1630
844
361
878
710
1386
787
571
167
757
1352
176
497
478
89
382
1494
1459
702
1088
28
1044
1423
1693
1299
202
776
1518
1446
969
1277
425
1898
1696
956
960
1012
1090
1279
58
620
1060
779
501
1753
824
1836
488
785
1763
1424
517
298
301
1515
1529
89
1069
1077
1454
201
1601
131
777
1611
1671
271
1032
1972
1935
1030
1866
1488
1620
580
178
1273
698
95
1675
728
1742
1974
1475
1698
852
1204
220
738
1913
1633
172
744
1794
1428
1630
108
201
1989
1513
790
825
1242
1857
1799
324
65
1673
649
1013
826
1150
1506
1441
1419
1644
1269
141
479
1518
1302
910
78
1670
869
1155
124
622
1375
175
358
243
1592
347
680
292
811
904
442
633
926
811
547
882
703
474
1350
249
871
411
1852
841
413
502
1870
1977
2007
252
908
625
711
774
522
155
635
1549
1262
1951
399
175
229
1337
1128
813
107
1376
1282
1414
297
981
619
1826
32
450
1768
1166
979
804
63
708
1274
1724
1419
1149
1327
1146
339
857
580
1699
187
1835
674
308
1380
2016
234
960
1774
408
1518
1021
680
1634
1709
1376
1039
694
1157
1650
726
1477
1734
184
820
600
283
242
1904
901
1146
426
1579
163
27
1896
246
1611
1086
1146
359
1583
1369
1419
685
424
464
1202
1791
982
475
937
1078
468
335
1832
383
11
819
198
1313
201
895
475
60
1428
953
797
1747
1247
232
272
1658
1248
522
1296
1402
1679
676
190
556
1231
1465
1054
720
761
1309
1396
170
1925
1283
623
392
2008
8
888
15
1207
484
813
639
461
1181
1413
677
529
335
1052
363
1849
780
1761
831
427
863
54
556
745
1945
1769
86
1809
584
31
754
1708
293
1684
1187
1671
1677
344
1997
234
1529
900
1030
1813
949
1380
896
1391
1843
1353
1695
70
197
1893
1186
336
860
440
261
1915
1507
1877
1246
1590
1219
1545
674
1475
132
100
1105
1232
1639
191
769
159
66
1221
766
1679
779
214
1336
1694
1683
1528
789
1401
312
616
1409
1306
1472
1554
991
1025
347
1594
1148
1990
1794
1137
377
623
504
1754
278
907
60
1388
1327
1689
503
645
1759
1103
111
842
1716
985
1060
1128
1142
1056
301
563
1875
1847
895
1578
1266
579
95
169
128
240
1879
1514
1890
675
1244
475
1455
910
576
1493
497
450
1694
203
353
649
1800
370
1923
458
1252
1175
1683
521
679
825
1767
603
714
713
1960
1311
851
1060
142
1040
1125
1185
940
1778
161
37
1967
1775
676
112
1774
1372
995
747
1848
702
1173
373
1211
1318
130
868
1336
1419
1874
816
484
976
868
655
1975
1276
1990
599
1040
74
1496
1083
1515
1511
658
1077
323
1719
1260
1630
1832
1560
55
1710
1950
497
1803
1617
1661
1154
1713
994
425
1173
915
105
195
1393
1867
382
730
1542
891
804
114
4
1006
1006
384
894
1368
1641
851
333
1960
524
1700
511
964
485
1338
228
29
1921
622
982
959
147
1490
1198
1446
1408
494
1510
84
1456
331
1473
1069
1186
1140
597
624
1227
896
960
138
857
918
773
824
1511
259
1134
1161
1431
1263
275
93
1173
233
596
1453
1769
661
547
1343
1413
1862
135
1533
907
40
471
1222
1873
1546
127
924
875
294
1475
568
1611
957
506
915
1672
1761
486
200
1304
1605
342
276
1999
1179
239
1374
1623
1730
278
1378
1643
1715
1811
1277
1704
67
569
753
179
762
1246
1155
1110
1675
194
124
1020
1303
700
514
1444
1957
1623
1990
199
127
359
449
1502
1336
861
1014
814
723
1177
42
278
674
738
1383
314
426
1206
959
1430
1276
650
883
1079
235
1168
1672
1533
1306
1209
1607
327
803
1145
534
444
1158
935
706
370
1642
1770
285
1681
1981
475
102
984
106
500
992
128
356
776
1548
1564
1821
705
1411
1318
8
831
1591
927
585
1178
1136
2014
1160
359
1713
425
1397
1700
1553
1231
1970
1612
417
1897
29
1870
868
538
180
239
1841
476
1248
778
274
278
940
1390
1841
59
951
163
1990
495
256
1349
497
1021
534
1912
73
696
1697
1769
551
1489
1233
1429
1687
1063
1878
1363
227
481
244
1097
1031
475
1765
1509
1391
19
1804
252
396
964
1596
1164
1851
1819
100
413
1650
1709
1653
6
1711
1317
991
1323
1186
164
1502
165
848
805
282
630
1745
1553
998
41
1202
235
1927
1603
700
1147
1908
715
724
1044
496
942
1499
318
1508
717
573
1021
1152
320
274
776
2004
1935
1226
1837
161
1021
1544
1530
320
710
2012
1793
1450
105
233
329
866
1622
271
1948
1259
2004
379
1615
632
1858
1822
306
739
498
1641
408
1249
1781
1559
1383
218
1790
77
1489
1037
1417
1570
912
354
1613
1621
1478
1214
1777
915
1991
1511
891
1309
630
718
1430
296
629
414
674
802
786
725
767
1307
105
560
1743
370
174
60
568
1605
702
350
409
1946
334
1037
1811
1940
986
5
341
1027
1739
1142
257
1153
832
188
960
1479
52
1775
1241
720
1258
1140
1170
1515
1263
772
1854
1425
12
1675
248
1408
123
926
1712
1640
530
1554
1496
32
88
651
698
404
706
40
686
191
1990
725
535
547
1300
801
453
768
443
1960
254
1441
50
1205
1724
759
1863
2006
976
1051
1844
1367
1309
104
1174
6
1367
641
1625
36
178
902
1215
1311
876
1002
1633
1057
1575
407
812
1920
284
1536
326
954
1332
49
743
1703
1231
1933
317
1766
906
759
3
982
576
661
2
1520
607
2
944
174
583
155
1795
1418
283
1041
1553
1675
188
965
129
1058
1246
399
1293
1896
1776
1282
1081
482
1280
1571
536
103
37
1570
2019
67
861
200
1038
1532
106
947
1538
739
864
613
1216
564
1821
72
1696
199
409
1781
1123
1033
1002
1301
474
808
807
65
1335
898
1597
915
926
599
378
817
266
1237
1014
1863
1211
1162
1502
336
911
706
516
1758
888
1762
1788
177
1805
804
318
434
625
1948
949
1194
415
1686
1498
1576
1995
1125
730
2018
559
934
1190
361
769
1039
1879
1318
729
231
2003
1416
1240
1681
1027
1926
1561
290
1883
276
1757
569
1338
1300
618
301
1319
838
292
1439
1134
446
853
171
2016
157
784
1841
516
732
424
1201
1157
962
124
1487
1630
1077
921
1116
1315
558
1067
934
1136
635
1139
326
120
729
1714
445
1328
856
954
665
1988
561
109
1106
1341
1363
364
1564
1647
1210
1545
1090
372
1914
244
1124
1260
944
1308
424
640
706
1380
1924
525
15
526
764
1405
1824
1046
1602
63
559
1714
349
1748
1639
1546
702
417
1758
171
1070
2020
266
934
1391
1019
1194
1351
1154
1450
982
525
1304
222
60
174
1168
1306
650
1250
1692
703
64
211
1323
692
1066
434
1405
1584
834
1643
1903
1905
1492
102
396
1234
1018
449
350
575
1556
208
1869
1082
395
1591
1529
1692
782
534
941
1193
1299
1668
536
1454
257
1036
47
1269
664
1959
1596
471
1481
705
30
729
970
1962
999
352
397
1560
1250
1197
373
1909
7
690
156
1241
1268
1213
1791
215
1062
1745
1749
1196
1348
75
1812
1420
1520
1064
90
1526
1911
16
586
1274
1512
771
1964
238
1110
1959
1304
715
429
892
662
1467
1037
764
1171
1629
1061
428
1479
843
1184
1539
579
341
1475
69
557
553
1485
1589
497
379
519
47
1436
88
1076
577
1093
1136
913
248
228
626
924
1560
285
752
1578
1276
1188
642
107
334
953
306
1964
1321
1870
1482
1598
219
467
1947
188
73
1513
1685
1130
752
784
997
164
1428
272
142
522
2016
1967
1119
571
491
1148
563
459
1949
357
971
1801
551
706
1436
1156
258
300
81
1413
862
1633
46
770
2017
556
478
1478
1646
1880
1408
1661
387
1217
1247
1763
620
1026
599
498
780
256
374
204
432
199
874
957
716
876
1084
1375
446
1176
1304
323
189
1377
878
1182
1309
1461
1080
1818
25
1060
1607
1001
527
535
451
1406
843
570
1242
1203
1312
1565
999
1021
1442
1795
1779
1676
1945
554
263
1852
1143
1560
1824
1681
1670
1847
1688
662
1741
1205
1677
1877
126
1773
1441
898
1505
1516
1218
615
433
225
631
60
580
314
1714
1225
180
386
1669
1188
747
548
1693
101
1156
494
327
206
1442
716
759
72
1617
543
1092
1944
1055
1458
876
118
1425
1785
726
1443
253
1394
1471
205
1881
1943
1776
254
257
642
1164
2013
1316
528
819
920
880
258
1079
1899
1375
269
1039
1521
603
343
163
1859
1371
1591
1639
1564
1094
1719
368
604
1305
980
1469
1431
1967
423
1615
1344
977
1602
526
1930
1448
1154
1068
936
1947
1011
1693
1104
1410
595
1808
480
1640
215
1341
292
1105
581
1706
674
1202
1626
1009
875
206
1705
93
1257
1006
1018
1549
757
988
709
1460
931
1644
1848
1655
1998
1896
1788
1348
258
1721
1267
1298
1046
1218
1417
1366
1632
1453
1627
14
1603
1834
990
1779
1813
844
540
2020
1969
347
2020
1344
1969
870
1096
1450
1483
809
362
1440
1088
2015
1944
1633
1864
1767
1605
1736
1537
797
1276
1254
1980
35
192
1835
403
184
1321
633
1209
1226
773
1664
1888
1453
1624
1800
1161
1644
1281
957
1488
317
90
111
1571
1193
2018
1498
1451
743
191
780
1143
772
681
1487
1728
1312
1046
1407
1576
835
1556
1035
742
1534
1931
1539
1209
1653
1760
1732
1062
114
749
1093
1067
1933
383
444
1903
1838
1538
664
104
1298
1002
527
1278
1748
1188
1778
54
822
223
1454
563
1349
341
1559
1270
1933
1891
1627
1444
2003
1120
1753
1638
118
1932
879
316
90
798
1993
1694
988
514
303
521
1426
1088
303
623
763
41
1927
1763
209
1955
1829
1
600
61
1203
1926
1225
1849
135
1271
877
923
373
1146
1917
1128
1196
294
1124
850
1097
1037
907
40
446
231
933
839
254
87
839
557
678
1589
1635
386
1717
1342
1900
617
1377
425
43
183
303
1619
419
885
1143
1706
945
292
27
1525
1618
1989
1010
1495
846
1641
268
880
1222
1435
1304
1064
1875
1113
150
1228
735
422
1235
1252
1536
357
1016
1137
827
863
468
689
498
462
472
504
347
1029
1319
1721
1133
778
779
1912
623
1974
852
1378
1339
585
148
1824
1935
806
881
326
342
860
411
399
1454
1700
1872
686
546
782
1071
1933
593
1614
954
306
419
1140
744
1230
927
406
1722
1562
1535
1143
729
1959
1616
1065
1474
1972
77
404
881
25
601
154
674
1172
354
560
794
1146
772
494
1065
1835
468
229
987
321
654
236
384
1957
886
1746
1091
274
1325
279
1051
444
93
1065
897
375
552
1014
263
747
603
1524
151
206
470
1558
1311
1524
1776
1317
855
599
542
425
152
1514
357
342
268
20
386
1996
739
631
373
1633
885
601
630
100
73
1651
1973
69
503
121
516
220
1853
123
685
1544
936
997
266
103
1833
1631
1743
1214
1823
83
867
1775
715
943
584
788
637
529
719
1156
309
2009
703
836
877
1695
878
1320
515
409
177
1745
1609
389
1834
1599
1605
598
1498
1277
1455
1515
1990
1397
259
715
701
527
13
751
403
1360
202
55
1463
675
937
144
1250
1045
1637
529
1453
768
773
208
150
1702
997
1804
1600
210
1916
745
712
1880
775
741
1216
714
1130
206
121
1434
1415
1868
1571
1496
1846
199
541
1435
1473
12
1297
1250
1580
1116
1870
709
1887
1363
1493
1744
1320
437
1493
134
1728
397
865
840
1826
227
1408
1891
719
421
1090
371
818
1689
1184
1792
111
1884
1930
1150
408
118
1448
1086
1153
1389
1289
1517
1525
1829
30
1552
1776
1101
902
740
1671
1948
1203
2008
990
49
570
256
566
993
730
761
417
615
1687
1549
1662
408
1191
1099
1321
657
1268
10
1914
1617
170
1277
1013
897
814
1603
816
1566
1371
42
1545
816
1075
1914
943
1926
1437
1929
76
889
576
1485
716
1022
1532
689
930
361
177
1159
617
1436
1114
484
7
1498
833
1559
434
303
397
1393
1922
1995
1657
144
1801
449
203
601
729
261
419
1960
147
1712
322
1225
1189
949
464
440
1526
292
315
923
1133
46
1612
317
841
559
737
1735
1586
1517
1221
100
1438
1320
627
1978
127
1562
1415
919
411
1628
1367
1424
1132
1911
60
1034
235
1733
1647
1550
1103
1798
1812
1473
1168
1356
1876
349
1153
1064
1233
691
1224
1928
1452
1380
705
1741
228
1204
1980
1659
1876
891
62
1086
164
470
1342
1385
413
1217
1457
868
585
1713
889
1442
711
266
764
1808
184
793
1768
1399
664
1480
685
1463
2018
92
1247
509
1515
717
1101
654
1129
221
848
1650
1864
1162
1250
654
1250
1189
499
1023
1088
808
501
1479
1196
1497
1505
180
1846
756
1300
683
195
730
1547
533
13
379
457
432
1839
876
1242
1990
378
1571
3
707
820
154
764
850
1256
1479
221
1007
357
1143
1639
815
1001
1217
1588
637
1986
1297
1332
1497
949
1735
1836
754
400
615
1206
1069
296
1653
360
1214
1150
1210
1860
1727
540
503
610
1510
738
882
754
1373
1542
728
144
1002
1872
244
1806
716
460
1444
696
926
654
364
631
1612
789
507
1581
319
1519
1306
554
827
1591
1316
682
4
1253
1417
1339
201
1106
1947
230
385
98
1224
412
292
1170
938
796
1813
412
1790
1695
662
1974
1057
181
1591
689
1530
290
580
229
1384
1678
43
1105
125
911
1907
1256
990
457
1945
1762
645
1689
1094
335
1978
279
202
1717
1649
1854
831
1316
1378
1562
1959
1960
1809
1360
45
1753
286
1771
1
1553
1772
1848
1132
733
1786
1026
1478
1089
1653
790
997
1542
540
452
692
201
474
950
1880
1851
25
1684
1528
1987
1490
951
297
261
365
1510
1157
1385
1131
165
342
1782
425
1233
561
1072
1527
264
612
274
624
283
1625
1908
903
54
1425
1870
1307
1995
1230
688
1159
775
602
172
1778
1160
1937
1566
638
1523
1298
1327
883
1869
602
1870
930
791
1343
285
228
1181
885
563
625
1851
2017
1400
1914
1245
1457
1391
622
233
1823
1774
1659
117
1546
1547
1874
310
1685
1904
10
198
1818
1072
74
1689
44
1248
116
1307
1297
440
820
1688
99
1860
1472
1171
1227
1672
1705
94
73
690
478
1761
1661
1692
51
2009
969
1848
512
1937
875
1867
299
1118
107
1501
1257
794
345
117
706
1880
1124
1737
1227
809
794
1134
1741
391
1496
1989
971
1639
1070
1833
964
2009
454
1127
322
976
987
328
631
1297
879
1549
1630
716
1957
1298
1375
643
1701
1009
552
1344
1094
518
261
1592
1394
520
1635
1922
1590
974
1571
1992
1097
694
283
377
814
74
302
772
1529
1672
1368
1313
220
1444
1205
671
914
701
539
541
350
1492
1196
1942
980
275
1775
1971
1273
1574
744
309
943
1306
1778
570
1946
1914
99
1657
368
143
327
1135
109
557
1776
1277
1660
1610
634
402
717
1025
565
1001
1689
1573
1745
540
356
262
1084
1466
506
978
314
1051
1407
359
783
37
334
1967
983
1129
1545
1930
1834
85
1180
885
1075
493
1943
677
840
744
1501
1589
1929
1340
1162
930
174
210
851
1141
1259
541
1008
1100
1833
1734
1753
496
257
523
907
500
1607
985
289
472
1785
1317
1660
667
1923
1954
830
415
1270
960
1007
1502
647
1069
647
1600
1957
1640
1558
548
564
619
514
760
1621
1934
1669
396
631
1626
1792
1336
712
1677
700
1336
808
1550
1660
1183
48
804
1922
1465
550
881
1261
167
1348
1926
1847
998
444
1025
1797
252
1767
1520
1922
1206
752
1506
1753
1286
1520
661
1108
385
1364
1821
358
1541
1334
1928
42
1463
459
196
975
321
1594
233
511
374
95
605
996
459
969
950
90
1770
1086
860
1625
1178
112
1055
1240
1668
973
1112
1343
951
1676
926
174
1481
1126
57
577
1560
413
409
343
357
1633
325
858
210
471
1172
1729
1930
836
1639
640
534
354
1380
1126
1922
532
1910
1875
1583
264
106
967
291
627
1651
568
445
168
236
33
1695
89
1272
1533
2001
680
903
1019
59
1347
1662
1436
1029
359
1430
841
508
1495
269
804
1294
568
1036
776
692
1311
948
1356
127
317
721
1199
1377
1646
17
1898
1903
1392
343
1115
2009
1351
1316
1133
1761
289
899
1444
1703
879
545
742
1133
863
300
1128
1557
217
1253
805
1431
655
1929
1003
1582
216
422
1586
1103
1509
912
1858
652
960
111
1197
518
1419
1381
1578
936
328
404
1226
945
1178
527
165
382
314
1106
1733
1997
167
1046
1996
1499
962
336
1505
942
176
80
119
578
454
343
68
800
1823
662
1892
1409
1384
1111
1762
1602
1955
641
1841
984
1145
228
1034
1634
486
1943
415
219
1609
2000
1904
154
1094
1101
1162
433
991
213
1363
496
1999
676
1635
1975
543
1194
2001
1564
477
33
1621
1671
859
1584
520
1264
1441
795
1464
1524
1249
1214
390
1368
2014
701
1629
1851
1474
992
35
566
1899
233
1093
374
186
926
527
1903
1051
381
1314
883
785
7
1683
492
306
1252
992
1513
74
609
700
1986
1998
1658
1681
332
1973
1444
1516
30
292
599
1265
972
1819
756
715
1438
1657
359
1070
785
377
1849
539
112
1951
1405
620
86
447
1695
1348
1123
82
501
827
1284
366
1399
111
397
1360
877
683
822
1515
1417
1384
671
834
1753
814
1964
1049
204
964
962
1320
710
690
532
554
227
1180
523
840
1666
810
1875
876
1201
988
145
1563
1226
1176
1258
566
1639
1535
765
880
1674
1737
1556
1826
230
1184
1870
503
491
241
1024
99
1765
1991
613
203
489
130
469
507
851
798
1410
1397
1166
1033
1851
960
1603
1841
26
429
1090
873
249
1968
695
147
1926
40
1228
1913
1687
505
717
1989
1375
192
757
149
138
883
1806
1005
781
103
1691
1490
1018
1040
1358
1526
1008
156
883
534
837
1196
822
962
828
19
1159
520
415
1224
676
572
1791
1927
664
366
1665
1890
1159
934
1739
674
1668
1365
152
1099
1998
1280
442
586
1635
1165
1395
436
1202
1740
1359
957
720
536
1076
1002
1833
1522
439
1093
1568
1155
1187
834
565
1080
1475
1361
997
1278
680
63
1393
1150
1852
288
523
164
474
192
1434
419
1784
1730
311
1533
1241
669
1681
1873
325
642
1820
1819
1921
914
584
1907
643
1143
1865
1673
1478
375
628
2001
39
491
1185
1963
691
763
1471
1677
435
1955
560
91
375
783
134
1781
928
471
1762
1543
554
164
1655
197
1812
682
1057
643
1328
919
1377
731
640
593
1564
282
1357
519
1811
1160
277
988
1305
1604
1221
719
1615
1493
1322
522
1678
511
2004
1329
695
1542
6
1131
348
71
1193
1732
1403
55
1606
1627
955
1849
1348
1289
1234
1029
913
1789
1306
156
938
1557
1238
693
1370
269
750
19
573
1252
1687
1843
967
2002
711
902
1240
1367
769
1261
495
1181
154
1517
767
132
1453
1480
383
1997
102
696
960
1450
1577
751
570
157
1286
345
305
1010
1383
1822
1542
1016
1454
2013
74
1981
969
367
91
444
2015
193
98
1178
1503
515
1309
71
1187
915
1096
590
262
708
110
1645
1059
355
1368
1954
1728
1997
735
1501
1350
1099
993
362
1997
1200
156
578
1339
1194
947
1430
1121
1782
1268
1762
1699
880
257
490
1562
586
1079
165
1015
852
1161
373
778
1767
262
1544
1144
1512
686
1399
416
1970
49
786
1140
1328
530
165
1077
1729
123
768
1783
1861
527
1116
822
349
1888
1854
1263
1563
1968
1523
490
690
2009
892
1261
1360
250
168
995
8
174
615
1820
747
1008
1014
1615
837
616
526
1032
1747
1604
423
1560
18
372
555
1327
1543
1977
682
929
35
1141
1882
416
451
43
20
1579
1148
1740
1668
1205
1351
1909
437
1210
1884
242
610
1321
883
1513
314
366
1093
393
219
942
1321
1096
1285
259
870
584
1805
1592
163
1489
1016
1306
1551
1871
299
1426
717
128
1691
279
1992
436
1459
583
690
1931
842
1131
505
1665
507
1938
497
1870
1118
851
1149
774
1319
1011
1062
1213
1541
586
92
556
482
1206
653
650
799
629
996
1754
1750
1036
2
817
1084
794
1127
1249
1913
1611
1483
1826
919
1204
507
460
471
875
1144
1136
1401
383
1547
1057
403
412
1919
1452
1684
1169
397
1178
1692
389
717
416
1015
1631
1764
1629
995
1979
935
988
1492
1509
740
893
1519
1373
1170
497
1914
1567
1969
355
600
613
1388
296
117
618
1594
693
1455
1691
204
1627
1233
1072
120
1182
1180
1180
648
620
1698
201
964
1506
1377
892
241
1919
1386
1076
1353
931
1072
1055
1994
932
105
1613
709
1466
324
1620
1767
1825
774
1798
1013
1373
1998
956
996
642
355
952
1140
191
1132
1442
1152
1589
1520
1142
1662
964
60
1638
1260
912
362
334
409
1652
1541
233
1184
1553
1406
1483
216
42
129
158
1137
996
509
1025
735
1716
309
151
1266
341
1499
134
1317
927
1531
1170
495
968
1269
1473
163
533
757
1524
1297
1539
994
1177
751
1835
1623
1437
311
1630
1446
160
1496
1230
1798
1478
1751
291
801
1100
1334
600
1721
1387
1936
166
933
680
1923
841
1560
1245
362
736
1962
982
669
1669
1231
183
1850
1277
962
888
863
458
1743
981
1537
159
864
1478
1195
177
1729
609
132
717
1416
1471
1438
1255
1729
1536
1520
1070
397
1877
726
528
323
192
1402
1534
479
1304
736
1209
109
15
994
104
881
1584
21
402
411
615
918
1813
1261
263
865
562
1700
1176
539
1243
1924
1172
969
819
1635
1402
1017
991
389
1246
1237
1864
1505
1359
1787
1587
1243
1557
1695
1674
1757
1029
254
1803
1985
650
155
501
1085
83
1072
662
816
1244
102
1101
633
1712
723
725
1729
1896
1244
221
1722
1871
262
154
849
472
843
1863
1204
1058
876
860
2001
1800
1955
1506
1928
918
446
335
801
984
488
2009
970
986
1020
60
940
1150
958
800
1636
1961
193
1867
440
474
1519
1825
1080
837
1070
1723
1061
19
488
313
553
1100
168
420
389
973
1499
1510
1852
1898
1721
1931
989
568
1561
42
359
436
1164
1187
1565
264
68
1653
1850
1675
1262
817
440
9
485
1345
329
669
1446
897
1904
793
1026
416
330
924
841
1503
1546
1965
10
497
1615
1914
3
575
1160
1400
1960
343
1128
1230
1753
1383
1367
567
1804
1233
737
1440
1852
1360
348
829
35
552
754
41
1447
223
1252
1055
1203
1012
882
1727
916
470
110
1074
1758
781
144
1911
1711
130
1989
1885
1370
1369
683
158
1064
1614
1893
1175
1364
592
1065
1704
805
1436
1122
1918
918
1405
495
1132
1771
1283
190
1558
965
915
117
406
983
1765
1808
825
524
1502
1551
8
1099
1246
1729
1521
1514
1455
622
1612
329
958
321
1068
1708
1146
1964
1522
1134
1716
607
886
995
548
379
1996
1489
1479
449
1526
563
164
1708
1303
649
968
518
134
208
1456
1301
243
1278
1098
740
1891
331
306
1811
413
1707
1401
481
704
564
162
173
1108
1751
216
674
852
1313
900
932
1388
1684
916
455
1104
62
105
384
1182
1287
1999
377
922
1647
149
415
1788
1362
612
1318
1188
1798
872
332
380
1222
1152
1499
2004
598
209
1171
406
1132
1908
1125
1897
1363
1474
929
537
1647
1956
1017
859
771
607
1367
1619
1158
117
215
134
810
70
1481
1136
268
860
1481
364
288
1592
1376
725
75
1526
1411
1624
1320
354
1847
1709
938
1653
1687
1292
267
324
1170
1383
1340
105
146
1706
11
848
1327
1778
460
917
1349
1024
1805
820
1448
309
1004
1317
1477
1274
1243
470
164
1582
563
521
1419
127
1708
241
896
241
1346
1426
781
1347
157
809
853
1153
1834
648
1306
895
1460
587
631
541
833
1177
1284
789
32
1209
1589
498
125
166
668
890
575
420
290
864
574
1822
1813
1875
1199
235
1186
121
141
1795
582
1016
916
1875
786
1188
1863
1264
1496
1670
308
1454
1603
1181
1281
870
659
486
1222
1905
67
1747
1322
1755
1060
668
1249
599
353
1568
728
1983
1665
1671
975
1120
358
1818
1139
1980
1209
1768
1238
1039
13
221
2007
1344
1896
1505
1613
399
347
76
635
443
1300
1574
1894
1028
798
1584
387
1680
978
1637
1277
1164
1959
834
1780
50
555
421
1339
1288
651
1263
1742
838
748
746
443
1740
1584
549
1604
1826
1661
1199
296
933
1355
331
1083
1774
1196
1022
1217
247
1801
1231
710
220
104
706
111
1330
1763
1381
196
1575
1992
1296
1652
57
793
1777
1237
438
1404
380
1904
237
1548
999
794
662
681
1087
385
1892
62
1744
1521
1096
835
1326
428
779
758
79
1704
865
1266
659
1371
1560
151
1480
260
981
1047
444
1401
1227
1174
656
32
605
210
1434
656
1851
453
1287
1605
349
270
191
682
1098
1138
601
986
1350
156
607
780
883
641
1596
822
1619
1063
1744
1658
339
566
425
609
31
285
1181
1523
140
1898
205
24
628
469
1933
143
565
1167
1899
609
385
1799
1670
1681
1076
328
1341
795
1944
162
763
484
1920
1500
1206
584
226
476
1233
431
378
1117
411
778
1913
90
210
1396
1525
1685
1677
142
784
893
586
498
1142
1276
408
72
1950
6
492
1648
1206
952
1873
168
754
1858
1744
767
1736
1301
1982
299
1757
805
9
2018
1266
1044
224
1785
1454
1376
1255
817
733
1134
1609
456
261
1793
1615
225
948
714
1402
1126
812
1009
1842
741
1221
947
361
1313
1107
163
1197
1346
598
1265
838
554
1688
258
1678
1287
985
1479
149
90
1888
776
1124
323
467
1651
1115
670
616
1730
1754
136
1958
1402
929
194
354
214
598
459
1747
477
1425
1457
828
1708
1005
1590
250
1785
1482
469
261
190
204
740
58
1376
800
286
706
1338
1517
1975
1385
30
901
585
1845
80
1726
49
194
906
1116
1496
1967
649
784
1124
1770
1614
1287
1990
359
927
457
1271
1403
463
1452
908
1811
1280
1609
1389
1100
1285
189
831
1878
150
993
339
1224
106
599
302
1763
816
638
1720
1625
129
39
831
989
1939
644
34
1316
615
1525
310
976
1870
1846
266
1027
1721
1288
1061
299
1808
1753
814
1750
555
241
703
284
301
1557
604
1237
129
1793
1392
1560
875
525
1219
1672
98
1996
1394
1860
1350
510
336
570
594
1771
229
1257
1818
295
1837
1368
180
1091
1477
1423
95
455
1417
775
256
1084
1333
1570
408
819
1844
762
221
4
1556
1674
212
226
1136
1118
1796
68
367
2007
2012
583
558
1478
391
939
243
33
1067
61
1073
1694
1325
1227
1028
1450
1364
432
678
548
166
568
1727
888
658
1985
577
1608
1959
1145
534
1787
1790
1454
896
255
686
839
1959
364
1354
1318
1211
1354
225
1591
1740
1846
1347
772
1473
111
245
1693
581
1453
1291
1752
1658
1093
112
1845
1453
450
211
1688
1787
771
271
1703
1005
1508
104
723
1113
355
1918
550
78
898
1841
1460
194
1545
792
750
66
1818
223
437
1153
863
1796
65
130
1511
1746
1577
528
721
2010
274
77
587
978
62
1655
573
1231
441
1033
502
1325
1203
107
167
715
1371
1504
1024
1525
1499
813
515
433
272
454
1176
158
1886
1389
1914
1141
1097
1346
217
602
340
1237
424
824
546
412
13
321
912
269
1105
666
1515
1237
675
1971
115
375
1531
569
689
1802
1732
468
1426
1292
1914
767
527
1244
1576
1064
1786
648
812
1715
151
877
261
252
1997
41
849
1055
1120
301
1391
437
855
1792
1364
81
54
1281
1872
658
1142
1949
518
1034
389
117
1319
738
1394
813
1997
135
1745
13
1759
1268
350
270
671
70
1867
1645
1391
895
274
1653
1808
559
1724
357
435
1518
188
1896
1614
1968
447
348
1180
1696
790
1663
2006
1947
1539
1769
298
1021
1716
120
1812
910
366
1508
302
1464
1587
405
1773
886
324
961
1875
388
326
414
802
361
632
1076
835
354
165
110
420
1811
966
1160
739
1347
1087
1175
1852
1234
818
1675
389
235
1827
929
541
299
1138
996
214
78
855
1640
251
640
95
1516
1922
227
1528
341
223
1281
768
1523
1210
1614
144
284
1218
1669
1058
1341
1599
1766
1164
971
714
1584
1714
1239
1527
553
1947
1840
557
513
1681
1820
1606
484
1539
39
457
1306
271
1272
766
1364
509
563
137
268
1155
1476
1906
1276
1073
1866
1075
44
1930
140
1270
794
1184
1188
588
81
982
871
30
945
1580
704
1419
580
49
1248
176
891
1877
1324
371
672
1756
244
523
1355
1667
818
1980
1639
264
725
1678
745
1607
1910
324
548
1326
1890
400
507
1690
431
1910
1018
498
1140
1808
318
1285
1820
1279
1562
730
1489
1635
471
637
601
316
1364
217
190
188
1819
1376
1266
1694
867
983
522
189
1991
1545
590
1068
1557
294
680
1401
1018
202
812
720
798
1709
1382
1560
1826
616
1401
1055
1983
498
106
216
1801
1796
503
1006
1787
1348
1227
880
496
507
966
749
177
1732
785
451
484
1959
1743
117
831
1707
1956
360
211
1020
531
1389
1364
716
1113
987
760
1630
446
295
287
1427
76
481
614
242
47
726
1320
1354
1322
887
1963
1680
634
1656
1530
1546
1056
263
560
645
1466
1527
1891
1320
1856
1372
455
499
954
443
1327
547
1076
691
620
1663
1225
836
286
1246
688
1502
1136
538
1367
1374
1187
1049
2006
1698
1553
1735
321
452
1316
1249
1579
1209
1891
197
637
1238
134
1598
1098
1323
231
116
1301
213
467
1074
1423
829
533
1737
948
1563
1169
64
1204
1147
1921
1573
423
930
613
412
1860
1315
1546
811
1726
185
238
409
1935
85
194
419
1146
921
728
424
440
113
1720
1054
710
712
528
1995
1130
1246
741
526
99
227
930
1640
1114
1580
1729
1572
772
1730
304
1183
459
1371
1159
837
1015
44
1942
1213
1993
887
365
236
1364
1709
1258
1348
1888
1616
753
206
190
1951
45
400
968
540
1588
218
757
633
20
785
927
369
1657
1365
1235
53
1576
1478
432
1255
59
1747
1875
10
1422
507
792
685
138
1702
723
1209
1761
672
1970
952
1459
330
1078
936
824
688
303
1720
1335
634
444
1318
876
1743
934
1890
1352
1957
1088
1458
1187
1795
1656
1666
132
865
473
1633
1284
1192
587
985
1812
406
105
1471
318
882
691
1867
1163
252
64
74
1415
1605
1302
1674
749
930
101
1253
1490
654
1282
1999
750
1136
1784
140
1582
604
1163
1733
749
405
1209
1271
499
523
1109
623
1422
613
1604
884
395
241
1010
504
1347
235
632
1922
674
575
939
101
1598
1041
132
213
1259
297
1538
974
1879
234
617
580
1551
623
1542
1373
1905
189
209
1254
991
1016
1070
1800
34
601
1620
910
1768
1517
1105
630
1231
744
31
171
1376
1028
658
1404
1368
785
661
1082
1823
382
1079
1088
1851
1966
1769
664
1783
87
1808
1850
968
982
431
1407
1198
1066
973
1899
2003
1218
1519
998
862
178
559
870
968
247
158
436
436
827
1130
1982
1850
810
126
1258
343
557
929
514
556
632
1713
1596
1003
656
416
1836
263
1039
1895
175
68
1256
1326
293
1846
1393
209
837
1182
359
1950
13
245
165
734
1758
232
1519
824
401
289
281
384
1042
624
1977
1581
768
1655
1676
1138
88
1853
217
68
1763
558
1961
1427
1484
485
1803
1286
1952
1275
626
241
1564
1332
306
1964
1158
1058
72
555
613
1327
953
1989
1199
646
1306
1428
1874
1757
415
1545
1556
1842
1300
1347
1517
1280
1960
442
315
364
1875
1631
487
1588
831
1269
879
1844
899
589
246
1232
1500
1665
1326
1423
29
767
634
132
915
2015
493
1479
920
718
1146
550
783
1715
1769
2002
274
1324
1876
356
1844
962
1410
501
1227
1719
514
815
1561
1673
1697
1096
1285
87
653
1784
1971
1184
1630
1034
328
621
1270
1559
1254
407
1211
1912
1822
55
1849
1811
1274
1984
1265
798
932
1079
937
1758
1401
548
364
475
1648
1747
1394
1124
889
622
1470
292
270
42
701
19
1592
1143
1595
801
970
945
345
971
1230
1491
1291
1485
237
1917
1052
1675
1904
784
245
627
1172
107
1145
986
1860
1283
594
77
646
1633
1043
1015
527
727
21
1351
1987
1965
1538
1424
1081
1885
199
808
579
1657
75
1803
924
1214
63
1079
415
1036
1163
1306
1828
107
127
1266
1067
1461
1661
1016
234
1630
158
417
650
1732
403
1191
1442
402
725
1565
1615
1024
1252
719
779
1718
1810
4
809
208
443
334
1327
1795
331
891
1358
256
998
1005
989
121
119
989
1056
1273
1585
5
1181
1851
1928
1751
1880
1024
130
1342
411
1182
967
882
76
1639
884
337
297
1452
313
182
1969
1584
1549
1102
905
782
502
382
343
1075
1800
1854
83
699
9
1442
1736
1956
639
1755
1281
1328
696
25
451
1300
1285
502
1051
1432
461
1293
846
1704
246
1257
218
401
1813
1445
229
1802
1706
1633
127
1281
4
997
679
1430
827
448
724
1191
805
20
50
1819
771
1421
1364
632
563
1108
586
656
944
134
1507
354
1513
2008
1610
483
1738
516
56
468
749
1708
119
144
171
431
685
1810
1435
1846
1150
378
809
783
1616
1033
1315
1698
264
1510
176
995
98
132
1012
1718
1149
104
648
745
1865
292
380
1425
1019
727
1369
1095
311
381
882
1275
1738
1959
1451
444
1482
648
1995
381
1776
1750
1643
1423
671
505
1338
513
717
537
1487
786
273
1299
459
915
890
996
199
317
24
1617
1849
87
1379
126
1907
810
1827
1170
615
783
112
1182
252
1413
531
201
971
1055
461
1028
1373
1492
290
1430
1983
1883
137
400
403
2002
1194
821
753
481
626
1638
849
718
1495
772
1395
1974
1433
333
869
164
1197
22
1057
1862
1040
418
1854
1373
289
981
1869
310
582
1143
1448
39
371
356
1107
1398
516
1813
712
491
74
1276
1651
1489
1078
498
2000
834
1217
1147
809
670
1484
1103
699
15
341
117
1734
806
1395
649
223
117
7
1936
242
139
1671
193
471
221
463
74
473
1540
1666
1085
356
876
948
251
188
1810
1003
1620
514
1351
38
484
1195
833
37
875
1628
932
96
520
1229
745
1479
1040
1191
419
624
1420
690
495
694
590
1377
1337
879
951
54
405
1522
407
1334
1411
1756
1535
1025
1952
1395
1430
1164
319
1374
681
1297
832
1860
860
1805
25
728
1518
1504
1076
1694
1714
88
1461
920
1588
1207
1353
918
690
138
900
1757
542
1616
595
1057
1317
1596
70
411
368
306
1553
968
337
151
1144
1147
716
841
2020
1970
1853
1491
13
73
1811
1734
455
1745
1474
1088
1249
67
772
1447
747
69
1375
1269
1194
1065
1569
611
660
417
585
1170
440
1966
401
874
895
1893
618
863
1779
248
1504
1636
1190
1934
792
1552
1982
1883
964
759
32
446
470
318
223
13
1018
1963
1512
796
1808
278
708
530
1104
1720
77
1198
731
1730
1809
353
76
267
816
1722
1990
22
1024
1241
1682
1349
341
1034
510
1642
1164
415
1986
1444
1343
922
1804
1304
668
1968
986
620
510
1819
1401
1991
2019
1543
255
304
1227
1986
1394
397
1367
1289
1163
824
862
1040
622
1612
1561
1848
1761
1337
980
1071
826
935
1585
580
594
1914
1176
1798
210
1096
1688
805
1923
1485
182
432
1622
1027
476
1636
1462
473
1001
139
645
506
1636
861
1479
1409
1544
480
1384
915
384
1403
1239
1976
1940
1363
242
966
1616
1317
376
442
1185
980
1396
1449
298
1827
1737
657
1160
1948
1496
1214
2007
1604
92
157
591
1879
1462
599
1007
1213
1147
1476
1835
297
689
1065
1028
829
998
1547
1927
2018
1152
1308
708
1311
1481
1640
192
429
394
180
241
2014
997
421
1708
1142
57
1210
1065
1214
1346
174
229
772
1117
334
1022
1052
1756
189
1016
1537
631
1662
1830
1370
1195
1877
246
892
856
701
234
1381
19
912
1215
858
1119
586
207
5
287
943
484
226
138
1562
1094
284
671
1340
1995
1313
1133
1078
231
1582
1019
1618
1764
1190
1195
853
557
575
1242
2014
241
1554
752
175
2020
160
1808
2018
1989
1290
550
588
483
1204
1750
654
1224
412
1807
593
1126
1069
1865
193
358
1984
919
212
529
229
344
1731
1550
1262
1716
522
1194
1964
1320
1221
73
2005
159
1324
451
1481
1080
1382
1106
92
1004
1929
658
995
1945
1372
1508
622
1791
1842
917
1650
1065
1671
35
327
163
573
2008
642
1238
1488
745
80
1436
1188
714
1647
1311
135
94
1938
606
1400
118
1703
985
92
1110
1765
1512
1291
1966
1221
616
1083
883
647
1062
1850
840
560
1329
1568
532
738
352
382
434
569
545
739
874
1164
873
1442
1484
1427
1390
1715
1736
785
1871
426
1475
1216
536
609
364
241
1321
814
326
118
1398
1276
1378
1455
188
968
1227
1214
265
1751
1244
1282
990
1183
1926
92
1343
1219
1967
500
12
684
1783
534
693
1432
1539
1102
822
329
1422
71
1678
1033
169
1078
1175
683
1557
828
1543
1673
1570
826
1276
604
95
1047
873
1366
1894
1904
1974
1101
825
864
1470
1810
1095
718
1892
152
1033
374
943
404
617
356
509
1483
560
1114
1347
1715
438
1759
1403
805
1879
732
2009
820
264
1204
192
528
1871
1218
878
1093
429
310
797
484
728
160
1427
1686
293
1330
1871
555
227
747
1658
1496
660
8
1136
782
854
953
630
839
605
933
59
1916
101
702
1352
1313
677
577
1370
1161
1419
1166
1893
1472
1064
1001
180
213
378
1380
454
1139
559
1480
163
1235
1205
1196
1284
1028
1096
376
1754
1319
951
303
1878
1735
1203
771
411
1584
368
791
547
1041
1788
1406
1976
1991
626
935
280
354
839
1458
880
1422
945
302
1373
903
938
951
105
1186
317
319
439
1000
1425
1476
12
1088
269
1366
1596
1003
1406
157
1375
325
315
1354
1140
540
1050
772
1397
1562
1753
743
1990
882
1954
1788
1133
1800
1815
1044
1501
647
147
728
1193
279
353
1633
375
1166
679
1138
150
741
1016
620
344
1541
717
374
829
399
1942
625
437
1714
1789
1448
1567
1563
269
1334
418
911
1442
1551
708
1335
1299
1500
280
1980
1281
1138
54
109
1242
1786
1313
1890
988
1913
1783
1113
1605
820
1639
1187
1243
1662
799
650
1809
1315
297
350
853
411
1574
1937
1844
942
1106
1932
1903
862
1716
1161
212
665
2012
1407
915
1363
607
899
1153
1241
1629
988
1533
977
1334
1969
903
186
1791
86
1905
488
161
1957
1368
1227
1596
1460
713
50
1204
1960
1336
1272
254
1654
1577
549
1938
1722
946
1346
1154
428
463
370
863
477
1384
1582
1684
573
233
1991
1842
1896
475
1423
667
318
2018
1900
1035
1815
880
1079
1022
1099
282
1479
1578
1175
1169
1764
674
1580
188
704
1247
1936
511
970
516
841
1433
416
1469
1413
1182
1431
1784
641
1671
333
1344
213
619
530
546
780
1003
957
1586
1476
1702
582
237
538
1046
1471
247
756
451
1852
232
1393
340
438
498
786
1115
739
2018
1239
480
1466
1902
1732
1041
737
108
241
492
793
1484
586
903
1641
826
600
1901
906
949
660
624
1133
537
1274
1431
1766
996
71
1760
931
778
1081
139
818
1603
1716
1372
265
1030
1949
1237
1318
1865
609
1345
879
199
835
1051
579
358
1126
1606
399
103
948
1776
446
466
1483
150
547
162
34
699
1236
1660
790
1070
1359
430
13
793
1073
83
135
1899
672
795
1974
513
1354
1915
1982
300
508
402
906
804
1475
1918
1622
776
1770
1593
1066
1396
546
1965
633
1622
323
902
1645
1628
1126
104
449
239
1898
105
1194
731
1497
1649
233
624
1174
309
1411
365
1195
8
1349
1533
867
1649
1368
619
1924
1181
898
2010
374
11
1961
1725
1706
100
1835
607
1900
2013
454
512
1695
1730
9
167
260
1958
544
1116
874
61
910
14
1510
1310
940
758
1500
1671
1555
1210
1937
341
1934
184
290
1037
1188
1436
474
1729
1084
1317
456
408
1603
981
1268
1490
1735
1792
987
1699
1714
569
1592
1127
1373
1475
1125
1896
1322
1148
1138
306
747
860
1286
50
113
470
944
1348
1671
771
1097
163
1129
1109
231
145
1472
929
1069
1280
1184
297
1407
1606
270
1965
425
1962
1707
127
276
871
582
792
1297
764
1947
233
236
1331
150
1528
1650
1966
1474
1680
126
1328
871
77
1086
41
1548
483
1133
71
867
1433
2014
87
1357
1441
1287
1118
1743
1002
1203
1144
498
1712
1674
1270
1156
352
913
1375
732
21
1626
1494
431
1314
1476
48
775
2009
762
114
1726
1176
1480
1088
482
1257
1435
702
145
1477
762
921
355
1351
564
1889
710
562
1105
1059
81
1139
1927
830
919
1077
518
455
1000
954
1015
607
1002
341
1302
1358
1523
2006
1704
1331
516
1155
334
692
1166
209
14
1103
1544
1963
1088
466
112
1042
1532
1278
1294
1840
1613
1367
409
1943
1021
707
1145
694
1712
796
1117
1955
1534
1943
2017
301
1180
288
1040
1339
548
214
362
1114
971
1750
46
90
1292
1026
1118
912
348
1568
755
792
648
381
1477
1620
464
1458
1818
2008
669
1084
333
1684
504
1649
1765
1144
1521
1104
1901
873
671
1808
1044
1001
1562
286
57
959
85
1306
981
238
1721
935
718
845
1003
1092
1934
592
1143
473
1013
1659
98
50
1004
1002
934
1785
1584
387
435
535
1211
1089
856
1847
198
580
854
1239
1280
1780
302
61
44
486
1520
867
104
1333
722
764
493
1383
501
598
967
1778
